   2.0110803e+07             NaN             NaN             NaN
   2.0111011e+07   2.4067900e+06   2.0000000e+00   3.9600000e+02
   2.0111012e+07   2.0333300e+06   2.0000000e+00   4.2400000e+02
   2.0111013e+07   2.1345000e+08   3.0000000e+00   4.1600000e+02
   2.0111014e+07   7.5200000e+06   2.0000000e+00   3.9800000e+02
   2.0111015e+07   2.5875000e+06   2.0000000e+00   4.4100000e+02
   2.0111018e+07   8.7500000e+06   2.0000000e+00   4.1500000e+02
   2.0111019e+07   2.8250000e+06   2.0000000e+00   3.8900000e+02
   2.0111020e+07   2.7000000e+06   2.0000000e+00   4.5500000e+02
   2.0111021e+07   2.0500000e+06   2.0000000e+00   3.9300000e+02
   2.0111022e+07   9.0500000e+06   2.0000000e+00   3.5900000e+02
   2.0111025e+07   1.8750000e+06   4.0000000e+00   4.5600000e+02
   2.0111026e+07   1.7400000e+06   2.0000000e+00   4.3500000e+02
   2.0111027e+07   6.7000000e+06   2.0000000e+00   4.2400000e+02
   2.0111028e+07   1.8750000e+06   2.0000000e+00   3.8300000e+02
   2.0111029e+07   1.7000000e+06   1.0000000e+00   3.6900000e+02
   2.0111101e+07   8.5000000e+05   3.0000000e+00   4.0800000e+02
   2.0111102e+07   4.8333300e+06   3.0000000e+00   4.0500000e+02
   2.0111103e+07   2.1666700e+06   3.0000000e+00   3.9700000e+02
   2.0111104e+07   4.2033300e+06   2.0000000e+00   3.5200000e+02
   2.0111105e+07   5.9700000e+06   2.0000000e+00   3.7400000e+02
   2.0111108e+07   8.3333300e+06   3.0000000e+00   3.9300000e+02
   2.0111109e+07   4.9800000e+06   2.0000000e+00   4.0600000e+02
   2.0111110e+07   5.2200000e+06   2.0000000e+00   3.7400000e+02
   2.0111111e+07   5.0400000e+06   2.0000000e+00   3.7700000e+02
   2.0111112e+07   5.8600000e+06   2.0000000e+00   4.1500000e+02
   2.0111115e+07   7.7200000e+06   1.0000000e+00   3.6300000e+02
   2.0111116e+07   6.3500000e+06   2.0000000e+00   3.9600000e+02
   2.0111117e+07   4.2800000e+06   1.0000000e+00   4.3800000e+02
   2.0111118e+07   7.2800000e+06   2.0000000e+00   4.0400000e+02
   2.0111119e+07   8.9400000e+06   1.0000000e+00   4.0100000e+02
   2.0111129e+07   1.2000000e+07   2.0000000e+00   4.6900000e+02
   2.0111130e+07             NaN             NaN             NaN
   2.0111201e+07             NaN             NaN             NaN
   2.0111202e+07   5.1750000e+06   2.0000000e+00   4.7300000e+02
   2.0111203e+07   5.9500000e+06   2.0000000e+00   4.0000000e+02
   2.0111206e+07   1.1250000e+07   2.0000000e+00   3.6500000e+02
   2.0111207e+07   8.8750000e+06   1.0000000e+00   3.3000000e+02
   2.0111208e+07   1.0633300e+07   1.0000000e+00   3.3800000e+02
   2.0111209e+07   8.3333300e+06   1.0000000e+00   3.2300000e+02
   2.0111210e+07   7.0000000e+06   2.0000000e+00   3.5000000e+02
   2.0111213e+07   7.1250000e+06   2.0000000e+00   4.8000000e+02
   2.0111214e+07   9.5750000e+06   1.0000000e+00   4.4600000e+02
   2.0111215e+07   5.6750000e+06   1.0000000e+00   3.8500000e+02
   2.0111216e+07   3.1333300e+06   1.0000000e+00   3.5800000e+02
   2.0111217e+07   2.1666700e+06   1.0000000e+00   3.3200000e+02
   2.0120124e+07             NaN             NaN             NaN
   2.0120125e+07             NaN             NaN             NaN
   2.0120126e+07   8.9500000e+06   2.0000000e+00   5.0100000e+02
   2.0120127e+07   2.6250000e+07   2.0000000e+00   4.7500000e+02
   2.0120128e+07   2.9000000e+07   2.0000000e+00   5.1700000e+02
   2.0120131e+07   1.3600000e+07   2.0000000e+00   4.0900000e+02
   2.0120201e+07   1.1233300e+07   1.0000000e+00   3.7000000e+02
   2.0120202e+07   2.1750000e+06   2.0000000e+00   3.9600000e+02
   2.0120203e+07   2.2000000e+06   1.0000000e+00   4.1500000e+02
   2.0120204e+07   3.2750000e+06   2.0000000e+00   4.3300000e+02
   2.0120207e+07   1.3000000e+07   2.0000000e+00   4.1600000e+02
   2.0120208e+07   8.2500000e+06   3.0000000e+00   4.9300000e+02
   2.0120209e+07   1.6000000e+07   2.0000000e+00   4.6800000e+02
   2.0120210e+07   2.3200000e+07   2.0000000e+00   4.6100000e+02
   2.0120211e+07   2.7250000e+07   2.0000000e+00   4.4900000e+02
   2.0120214e+07   4.9250000e+06   2.0000000e+00   4.1500000e+02
   2.0120215e+07   2.5600000e+06   2.0000000e+00   4.3100000e+02
   2.0120216e+07   3.3333300e+06   3.0000000e+00   3.9700000e+02
   2.0120217e+07   8.5000000e+06   2.0000000e+00   4.0000000e+02
   2.0120218e+07   2.5333300e+07   2.0000000e+00   3.6000000e+02
   2.0120221e+07   1.2833300e+07   3.0000000e+00   4.7000000e+02
   2.0120222e+07   7.6400000e+07   2.0000000e+00   4.1400000e+02
   2.0120223e+07   4.0800000e+07   2.0000000e+00   4.9000000e+02
   2.0120224e+07   4.2500000e+07   2.0000000e+00   4.5500000e+02
   2.0120225e+07   3.3000000e+07   2.0000000e+00   4.3200000e+02
   2.0120228e+07   1.5000000e+07   3.0000000e+00   4.6700000e+02
   2.0120229e+07             NaN             NaN             NaN
   2.0120301e+07             NaN             NaN             NaN
   2.0120302e+07   6.8333300e+06   3.0000000e+00   4.7200000e+02
   2.0120303e+07   2.0750000e+07   3.0000000e+00   4.4500000e+02
   2.0120306e+07   1.7100000e+07   2.0000000e+00   4.1400000e+02
   2.0120307e+07   1.3500000e+07   3.0000000e+00   4.5300000e+02
   2.0120308e+07   1.7400000e+07   5.0000000e+00   5.5700000e+02
   2.0120309e+07   5.7500000e+07   5.0000000e+00   4.5000000e+02
   2.0120310e+07   1.2500000e+07   5.0000000e+00   4.6500000e+02
   2.0120313e+07   2.7666700e+07   4.0000000e+00   6.0300000e+02
   2.0120314e+07   6.7500000e+07   3.0000000e+00   5.4500000e+02
   2.0120315e+07   1.7533300e+08   2.0000000e+00   5.3300000e+02
   2.0120316e+07   2.6000000e+08   5.0000000e+00   6.4500000e+02
   2.0120317e+07             NaN             NaN             NaN
   2.0120320e+07   1.5000000e+08   2.0000000e+00   5.8000000e+02
   2.0120321e+07   3.5333300e+08   2.0000000e+00   4.9700000e+02
   2.0120322e+07   7.0000000e+08   2.0000000e+00   4.1000000e+02
   2.0120323e+07   6.5000000e+08   3.0000000e+00   4.0000000e+02
   2.0120324e+07   5.0160000e+08   3.0000000e+00   4.0000000e+02
   2.0120327e+07   1.2500000e+07   2.0000000e+00   3.6000000e+02
   2.0120328e+07   4.0000000e+06   3.0000000e+00   4.0000000e+02
   2.0120329e+07   6.7500000e+06   3.0000000e+00   3.9000000e+02
   2.0120330e+07   6.0000000e+06   2.0000000e+00   3.5500000e+02
   2.0120331e+07             NaN             NaN             NaN
   2.0120403e+07   1.7500000e+06   2.0000000e+00   4.1000000e+02
   2.0120404e+07   5.5000000e+06   2.0000000e+00   3.6000000e+02
   2.0120405e+07   8.0000000e+06   3.0000000e+00   3.4500000e+02
